problem_class = 0.20-20-5.00
id = 0
dynamism_bin = 0.2
dynamism_actual = 0.19504864663642862
urgency = 20
scale = 5.0
random_seed = -2124158141763785295
creation_date = 2017-01-08T23:17:56.839
creator = r0373187
day_length = 14400000
office_opening_hours = 9321645
expected_num_orders = 600
pickup_duration = 300000
delivery_duration = 300000
width_height = 10.0x10.0
time_series = non-homogenous (sine) Poisson process
time_series.sine.period = 3600000
time_series.sine.num_periods = 2.5893458333333332
time_series.sine.height = U(-0.99,3.0)
time_series.sine.phase_shitft = U(0.0,3600000.0)
AddDepotEvent = 1
AddVehicleEvent = 50
AddParcelEvent = 600
TimeOutEvent = 1
